0.0	0.5	2000.0	
5.0e-6	160.35276482345105	1997.3191205862759	
1.0e-5	306.9985057707476	1989.5299327430391	
1.5000000000000002e-5	441.1022860673056	1977.0615862124048	
2.0e-5	563.3094222733531	1960.321391073394	
2.5e-5	674.2453432669962	1939.695478314388	
3.0e-5	774.5155134996099	1915.5494640349445	
3.5000000000000004e-5	864.7054155897106	1888.2291152167893	
4.0e-5	945.3805875577787	1858.0610151643311	
4.5e-5	1017.0867102344415	1825.353226867794	
5.0e-5	1080.3497405978883	1790.3959526872552	
5.5e-5	1135.6760870132969	1753.4621888937354	
6.0e-5	1183.5528225573516	1714.8083737342247	
6.500000000000001e-5	1224.447932814587	1674.675027811359	
7.000000000000001e-5	1258.8105947292995	1633.2873856856277	
7.500000000000001e-5	1287.0714832871283	1590.856017718687	
8.0e-5	1309.643102984139	1547.5774412808325	
8.5e-5	1326.9201412184061	1503.6347205441234	
9.0e-5	1339.2798409097115	1459.1980541753214	
9.5e-5	1347.0823898171425	1414.425350329874	
1.0e-4	1350.6713241821615	1369.4627884298854	
1.05e-4	1350.3739444762073	1324.4453672855793	
1.1e-4	1346.5017411771883	1279.497439191356	
1.15e-4	1339.3508286384447	1234.733229694429	
1.2e-4	1329.202385247	1190.2573427963382	
1.25e-4	1316.3230981953188	1146.165251405633	
1.3000000000000002e-4	1300.9656113124722	1102.5437729138364	
1.3500000000000003e-4	1283.3689745166953	1059.4715298166836	
1.4000000000000004e-4	1263.7590935619753	1017.0193953487058	
1.4500000000000006e-4	1242.3491788566348	975.2509241417289	
1.5000000000000007e-4	1219.34019223205	934.2227679569174	
1.5500000000000008e-4	1194.9212906347948	893.9850765758033	
1.600000000000001e-4	1169.270265805782	854.5818839684604	
1.650000000000001e-4	1142.5539790955288	816.0514798867719	
1.7000000000000012e-4	1114.9287906456675	778.4267670577519	
1.7500000000000013e-4	1086.540982243375	741.7356041762679	
1.8000000000000015e-4	1057.5271732276926	706.0011349184167	
1.8500000000000016e-4	1028.014728894869	671.2421032163741	
1.9000000000000017e-4	998.1221609140503	637.473155052892	
1.9500000000000019e-4	967.9595193249983	604.7051270489079	
2.000000000000002e-4	937.628775746197	572.9453221310547	
2.050000000000002e-4	907.2241974748383	542.1977725773708	
2.1000000000000023e-4	876.8327122099179	512.4634907492915	
2.1500000000000024e-4	846.5342631761438	483.7407078261905	
2.2000000000000025e-4	816.4021544697171	456.0251008654261	
2.2500000000000026e-4	786.5033864874024	429.3100085161408	
2.3000000000000028e-4	756.8989813378181	403.5866357190538	
2.350000000000003e-4	727.6442981686461	378.84424772727937	
2.400000000000003e-4	698.7893383756406	355.0703537848746	
2.450000000000003e-4	670.3790406890029	332.2508808004639	
2.5000000000000033e-4	642.4535661600205	310.3703373529802	
2.5500000000000034e-4	615.0485730959533	289.41196836538063	
2.6000000000000036e-4	588.1954820141009	269.3579007802131	
2.6500000000000037e-4	561.9217307069092	250.18928056819624	
2.700000000000004e-4	536.2510195289883	231.88640139759795	
2.750000000000004e-4	511.20354703410175	214.42882528821312	
2.800000000000004e-4	486.79623610567086	197.7954955692169	
2.850000000000004e-4	463.042950738192	181.96484245515254	
2.9000000000000044e-4	439.95470363929724	166.91488154886105	
2.9500000000000045e-4	417.53985483308077	152.62330557432142	
3.0000000000000046e-4	395.80430145485474	139.06756963618915	
3.050000000000005e-4	374.75165893576775	126.22497029634543	
3.100000000000005e-4	354.3834337828016	114.07271875103594	
3.150000000000005e-4	334.6991881656281	102.58800838522878	
3.200000000000005e-4	315.69669652673457	91.7480769736894	
3.2500000000000053e-4	297.37209443518304	81.53026379099076	
3.3000000000000054e-4	279.72001990741927	71.91206188528072	
3.3500000000000055e-4	262.73374742076277	62.871165763144354	
3.4000000000000057e-4	246.40531484664172	54.38551472535428	
3.450000000000006e-4	230.7256435313534	46.43333208572103	
3.500000000000006e-4	215.68465175218046	38.993160497662124	
3.550000000000006e-4	201.27136177613346	32.04389360552356	
3.600000000000006e-4	187.47400074746895	25.564804230130182	
3.6500000000000063e-4	174.2800956284979	19.535569290530734	
3.7000000000000065e-4	161.67656241609745	13.936291656454145	
3.7500000000000066e-4	149.64978985381273	8.747519118622307	
3.8000000000000067e-4	138.18571785652395	3.9502606567833616	
3.850000000000007e-4	127.26991086139944	-0.47399982184869577	
3.900000000000007e-4	116.88762631528847	-4.5432921081268285	
3.950000000000007e-4	107.02387850486849	-8.275150521796112	
4.000000000000007e-4	97.66349793177757	-11.686606795740214	
4.0500000000000074e-4	88.79118643066786	-14.794184868447639	
4.1000000000000075e-4	80.39156822363576	-17.613897446019365	
4.1500000000000076e-4	72.44923709984769	-20.161244201410756	
4.200000000000008e-4	64.94879990441085	-22.451211484815065	
4.250000000000008e-4	57.8749165156594	-24.49827342514957	
4.300000000000008e-4	51.212336485060874	-26.316394308494907	
4.350000000000008e-4	44.945932508913764	-27.91903212506115	
4.4000000000000083e-4	39.06073089592588	-29.319143181808478	
4.4500000000000084e-4	33.54193918965008	-30.529187683234746	
4.5000000000000086e-4	28.374971099626446	-31.56113618805602	
4.5500000000000087e-4	23.545468889952133	-32.426476854549	
4.600000000000009e-4	19.03932336888615	-33.13622339219631	
4.650000000000009e-4	14.842691618008292	-33.70092364197788	
4.700000000000009e-4	10.942012594401126	-34.1306687121847	
4.750000000000009e-4	7.3240207343217785	-34.43510260099675	
4.8000000000000093e-4	3.9757576818854914	-34.62343224126687	
4.8500000000000095e-4	0.8845822614044425	-34.70443790698837	
4.90000000000001e-4	-1.9618211927793994	-34.686483924798786	
4.95000000000001e-4	-4.57543603985253	-34.577529637588256	
5.00000000000001e-4	-6.967907965001486	-34.38514057084069	
5.05000000000001e-4	-9.150540940864712	-34.11649975574292	
5.10000000000001e-4	-11.134294422479407	-33.778419166353856	
5.15000000000001e-4	-12.929781684584654	-33.37735123123612	
5.20000000000001e-4	-14.547269214384126	-32.919400382919974	
5.25000000000001e-4	-15.99667707700607	-32.410334611396806	
5.300000000000011e-4	-17.28758017492271	-31.855596990531325	
5.350000000000011e-4	-18.42921032650378	-31.260317148840883	
5.400000000000011e-4	-19.430459092677964	-30.629322658521186	
5.450000000000011e-4	-20.29988128436073	-29.967150318903876	
5.500000000000011e-4	-21.04569908687669	-29.278057312716584	
5.550000000000011e-4	-21.675806741058594	-28.56603221558433	
5.600000000000011e-4	-22.197775724043918	-27.834805841165952	
5.650000000000012e-4	-22.618860376013643	-27.087861906164992	
5.700000000000012e-4	-22.946003922226925	-26.328447501194315	
5.750000000000012e-4	-23.185844842701034	-25.55958335511218	
5.800000000000012e-4	-23.344723544768947	-24.78407388198768	
5.850000000000012e-4	-23.42868929651892	-24.00451700129955	
5.900000000000012e-4	-23.443507381782506	-23.22331372332786	
5.950000000000012e-4	-23.394666439891687	-22.442677492966624	
6.000000000000012e-4	-23.28738595587384	-21.66464328637053	
